22:03:17 - Starting servent [0|localhost|1600]
22:03:17 - Pausing for 5000 ms
22:03:17 - Requiring Suzuki-Kasami token
22:03:17 - Sending message [0|1600|0||REQUEST_SUZUKI_TOKEN|1200|48]
22:03:17 - Got message [48|1200|0||SEND_SUZUKI_TOKEN|1600|0]
22:03:17 - Got token
22:03:17 - Sending message [0|1600|1||NEW_NODE|1200|48]
22:03:18 - Got message [48|1200|1||WELCOME|1600|0]
22:03:18 - Sending first update message: _-|1,0,0,0,0,0,0,0,0,0,0,0,0,0,0,0,0,0,0,0,0,0,0,0,0,0,0,0,0,0,0,0,0,0,0,0,0,0,0,0,0,0,0,0,0,0,0,0,0,0,0,0,0,0,0,0,0,0,0,0,0,0,0,0|
22:03:18 - Sending message [0|1600|2|_-|1,0,0,0,0,0,0,0,0,0,0,0,0,0,0,0,0,0,0,0,0,0,0,0,0,0,0,0,0,0,0,0,0,0,0,0,0,0,0,0,0,0,0,0,0,0,0,0,0,0,0,0,0,0,0,0,0,0,0,0,0,0,0,0||UPDATE|1200|48]
22:03:18 - Got message [24|1400|1||REQUEST_SUZUKI_TOKEN|1600|0]
22:03:18 - Got message [0|1600|2|1200-|1,0,0,0,0,0,0,0,0,0,0,0,0,0,0,0,0,0,0,0,0,0,0,0,0,0,0,0,0,0,0,0,0,0,0,0,0,0,0,0,0,0,0,0,0,0,0,0,0,0,0,0,0,0,0,0,0,0,0,0,0,0,0,0||UPDATE|1600|0]
22:03:18 - Sending message [0|1600|3||SEND_SUZUKI_TOKEN|1400|24]
22:03:18 - Got message [24|1400|2||NEW_NODE|1600|0]
22:03:18 - Sending message [24|1400|4||NEW_NODE|1200|48]
22:03:18 - Got message [24|1400|4|1200-|1,0,0,0,0,0,0,0,0,0,0,0,0,0,0,0,0,0,0,0,0,0,0,0,1,0,0,0,0,0,0,0,0,0,0,0,0,0,0,0,0,0,0,0,0,0,0,0,0,0,0,0,0,0,0,0,0,0,0,0,0,0,0,0||UPDATE|1600|0]
22:03:18 - Sending message [24|1400|5|1200,1600-|1,0,0,0,0,0,0,0,0,0,0,0,0,0,0,0,0,0,0,0,0,0,0,0,1,0,0,0,0,0,0,0,0,0,0,0,0,0,0,0,0,0,0,0,0,0,0,0,0,0,0,0,0,0,0,0,0,0,0,0,0,0,0,0||UPDATE|1400|24]
22:03:19 - Got message [28|1100|1||REQUEST_SUZUKI_TOKEN|1600|0]
22:03:19 - Got message [28|1100|6|1200-|1,0,0,0,0,0,0,0,0,0,0,0,0,0,0,0,0,0,0,0,0,0,0,0,1,0,0,0,1,0,0,0,0,0,0,0,0,0,0,0,0,0,0,0,0,0,0,0,0,0,0,0,0,0,0,0,0,0,0,0,0,0,0,0||UPDATE|1600|0]
22:03:19 - Sending message [28|1100|6|1200,1600-|1,0,0,0,0,0,0,0,0,0,0,0,0,0,0,0,0,0,0,0,0,0,0,0,1,0,0,0,1,0,0,0,0,0,0,0,0,0,0,0,0,0,0,0,0,0,0,0,0,0,0,0,0,0,0,0,0,0,0,0,0,0,0,0||UPDATE|1400|24]
22:03:20 - Got message [4|1300|1||REQUEST_SUZUKI_TOKEN|1600|0]
22:03:20 - Got message [4|1300|7||NEW_NODE|1600|0]
22:03:20 - Sending message [4|1300|7||NEW_NODE|1400|24]
22:03:21 - Got message [4|1300|8|1400,1100,1200-|1,0,0,0,1,0,0,0,0,0,0,0,0,0,0,0,0,0,0,0,0,0,0,0,1,0,0,0,1,0,0,0,0,0,0,0,0,0,0,0,0,0,0,0,0,0,0,0,0,0,0,0,0,0,0,0,0,0,0,0,0,0,0,0||UPDATE|1600|0]
22:03:21 - Sending message [4|1300|8|1400,1100,1200,1600-|1,0,0,0,1,0,0,0,0,0,0,0,0,0,0,0,0,0,0,0,0,0,0,0,1,0,0,0,1,0,0,0,0,0,0,0,0,0,0,0,0,0,0,0,0,0,0,0,0,0,0,0,0,0,0,0,0,0,0,0,0,0,0,0||UPDATE|1300|4]
22:03:22 - Sending message [0|1600|10||REQUEST_SUZUKI_TOKEN|1400|24]
22:03:22 - Sending message [0|1600|9||REQUEST_SUZUKI_TOKEN|1300|4]
22:03:22 - Sending message [0|1600|11||REQUEST_SUZUKI_TOKEN|1100|28]
22:03:22 - Sending message [0|1600|12||REQUEST_SUZUKI_TOKEN|1200|48]
22:03:22 - Got message [28|1100|8||REQUEST_SUZUKI_TOKEN|1600|0]
22:03:22 - Got message [4|1300|6||SEND_SUZUKI_TOKEN|1600|0]
22:03:22 - Pausing for 4000 ms
22:03:22 - Sending message [0|1600|13|25:3|PUT|1400|24]
22:03:22 - Got message [28|1100|11||PUT_UNLOCK|1600|0]
22:03:22 - Sending message [0|1600|14||SEND_SUZUKI_TOKEN|1100|28]
22:03:22 - Got message [48|1200|9|2:5|PUT|1600|0]
22:03:22 - Sending message [0|1600|15|2:5|PUT|1300|4]
22:03:26 - Sending message [0|1600|17||REQUEST_SUZUKI_TOKEN|1400|24]
22:03:26 - Sending message [0|1600|16||REQUEST_SUZUKI_TOKEN|1300|4]
22:03:26 - Sending message [0|1600|18||REQUEST_SUZUKI_TOKEN|1100|28]
22:03:26 - Sending message [0|1600|19||REQUEST_SUZUKI_TOKEN|1200|48]
22:03:26 - Got message [28|1100|13||SEND_SUZUKI_TOKEN|1600|0]
22:03:26 - Please wait...
22:03:26 - Pausing for 6000 ms
22:03:26 - Sending message [0|1600|20|25|ASK_GET|1400|24]
22:03:26 - Got message [28|1100|14|25:3|TELL_GET|1600|0]
22:03:26 - TELL GET INFO: 25:3
22:03:27 - Got message [48|1200|10||REQUEST_SUZUKI_TOKEN|1600|0]
22:03:27 - Sending message [0|1600|21||SEND_SUZUKI_TOKEN|1200|48]
22:03:27 - Got message [48|1200|14|2|ASK_GET|1600|0]
22:03:27 - Sending message [48|1200|22|2|ASK_GET|1300|4]
22:03:32 - Stopping...
