22:03:17 - Starting servent [24|localhost|1400]
22:03:17 - Pausing for 5000 ms
22:03:18 - Requiring Suzuki-Kasami token
22:03:18 - Sending message [24|1400|0||REQUEST_SUZUKI_TOKEN|1200|48]
22:03:18 - Sending message [24|1400|1||REQUEST_SUZUKI_TOKEN|1600|0]
22:03:18 - Got message [0|1600|3||SEND_SUZUKI_TOKEN|1400|24]
22:03:18 - Got token
22:03:18 - Sending message [24|1400|2||NEW_NODE|1600|0]
22:03:18 - Got message [48|1200|3||WELCOME|1400|24]
22:03:18 - Sending first update message: _-|0,0,0,0,0,0,0,0,0,0,0,0,0,0,0,0,0,0,0,0,0,0,0,0,1,0,0,0,0,0,0,0,0,0,0,0,0,0,0,0,0,0,0,0,0,0,0,0,0,0,0,0,0,0,0,0,0,0,0,0,0,0,0,0|
22:03:18 - Sending message [24|1400|3|_-|0,0,0,0,0,0,0,0,0,0,0,0,0,0,0,0,0,0,0,0,0,0,0,0,1,0,0,0,0,0,0,0,0,0,0,0,0,0,0,0,0,0,0,0,0,0,0,0,0,0,0,0,0,0,0,0,0,0,0,0,0,0,0,0||UPDATE|1200|48]
22:03:18 - Got message [24|1400|5|1200,1600-|1,0,0,0,0,0,0,0,0,0,0,0,0,0,0,0,0,0,0,0,0,0,0,0,1,0,0,0,0,0,0,0,0,0,0,0,0,0,0,0,0,0,0,0,0,0,0,0,0,0,0,0,0,0,0,0,0,0,0,0,0,0,0,0||UPDATE|1400|24]
22:03:19 - Got message [28|1100|2||REQUEST_SUZUKI_TOKEN|1400|24]
22:03:19 - Sending message [24|1400|4||SEND_SUZUKI_TOKEN|1100|28]
22:03:19 - Got message [28|1100|3||NEW_NODE|1400|24]
22:03:19 - Sending message [28|1100|5||NEW_NODE|1200|48]
22:03:19 - Got message [28|1100|6|1200,1600-|1,0,0,0,0,0,0,0,0,0,0,0,0,0,0,0,0,0,0,0,0,0,0,0,1,0,0,0,1,0,0,0,0,0,0,0,0,0,0,0,0,0,0,0,0,0,0,0,0,0,0,0,0,0,0,0,0,0,0,0,0,0,0,0||UPDATE|1400|24]
22:03:19 - Sending message [28|1100|6|1200,1600,1400-|1,0,0,0,0,0,0,0,0,0,0,0,0,0,0,0,0,0,0,0,0,0,0,0,1,0,0,0,1,0,0,0,0,0,0,0,0,0,0,0,0,0,0,0,0,0,0,0,0,0,0,0,0,0,0,0,0,0,0,0,0,0,0,0||UPDATE|1100|28]
22:03:20 - Got message [4|1300|2||REQUEST_SUZUKI_TOKEN|1400|24]
22:03:20 - Got message [4|1300|7||NEW_NODE|1400|24]
22:03:20 - Sending message [24|1400|7||WELCOME|1300|4]
22:03:20 - Got message [4|1300|5|_-|0,0,0,0,1,0,0,0,0,0,0,0,0,0,0,0,0,0,0,0,0,0,0,0,0,0,0,0,0,0,0,0,0,0,0,0,0,0,0,0,0,0,0,0,0,0,0,0,0,0,0,0,0,0,0,0,0,0,0,0,0,0,0,0||UPDATE|1400|24]
22:03:20 - Sending message [4|1300|8|1400-|1,0,0,0,1,0,0,0,0,0,0,0,0,0,0,0,0,0,0,0,0,0,0,0,1,0,0,0,1,0,0,0,0,0,0,0,0,0,0,0,0,0,0,0,0,0,0,0,0,0,0,0,0,0,0,0,0,0,0,0,0,0,0,0||UPDATE|1100|28]
22:03:22 - Pausing for 10000 ms
22:03:22 - Got message [0|1600|10||REQUEST_SUZUKI_TOKEN|1400|24]
22:03:22 - Got message [28|1100|10||REQUEST_SUZUKI_TOKEN|1400|24]
22:03:22 - Got message [0|1600|13|25:3|PUT|1400|24]
22:03:22 - Sending message [24|1400|9|25:3|PUT|1100|28]
22:03:26 - Got message [0|1600|17||REQUEST_SUZUKI_TOKEN|1400|24]
22:03:26 - Got message [0|1600|20|25|ASK_GET|1400|24]
22:03:26 - Sending message [0|1600|10|25|ASK_GET|1100|28]
22:03:27 - Got message [48|1200|12||REQUEST_SUZUKI_TOKEN|1400|24]
22:03:32 - Stopping...
