22:03:17 - Starting servent [48|localhost|1200]
22:03:17 - Pausing for 5000 ms
22:03:17 - First node in Chord system.
22:03:17 - Got message [0|1600|0||REQUEST_SUZUKI_TOKEN|1200|48]
22:03:17 - Sending message [48|1200|0||SEND_SUZUKI_TOKEN|1600|0]
22:03:17 - Got message [0|1600|1||NEW_NODE|1200|48]
22:03:18 - Sending message [48|1200|1||WELCOME|1600|0]
22:03:18 - Got message [0|1600|2|_-|1,0,0,0,0,0,0,0,0,0,0,0,0,0,0,0,0,0,0,0,0,0,0,0,0,0,0,0,0,0,0,0,0,0,0,0,0,0,0,0,0,0,0,0,0,0,0,0,0,0,0,0,0,0,0,0,0,0,0,0,0,0,0,0||UPDATE|1200|48]
22:03:18 - Got message [24|1400|0||REQUEST_SUZUKI_TOKEN|1200|48]
22:03:18 - Sending message [0|1600|2|1200-|1,0,0,0,0,0,0,0,0,0,0,0,0,0,0,0,0,0,0,0,0,0,0,0,0,0,0,0,0,0,0,0,0,0,0,0,0,0,0,0,0,0,0,0,0,0,0,0,0,0,0,0,0,0,0,0,0,0,0,0,0,0,0,0||UPDATE|1600|0]
22:03:18 - Got message [24|1400|4||NEW_NODE|1200|48]
22:03:18 - Sending message [48|1200|3||WELCOME|1400|24]
22:03:18 - Got message [24|1400|3|_-|0,0,0,0,0,0,0,0,0,0,0,0,0,0,0,0,0,0,0,0,0,0,0,0,1,0,0,0,0,0,0,0,0,0,0,0,0,0,0,0,0,0,0,0,0,0,0,0,0,0,0,0,0,0,0,0,0,0,0,0,0,0,0,0||UPDATE|1200|48]
22:03:18 - Sending message [24|1400|4|1200-|1,0,0,0,0,0,0,0,0,0,0,0,0,0,0,0,0,0,0,0,0,0,0,0,1,0,0,0,0,0,0,0,0,0,0,0,0,0,0,0,0,0,0,0,0,0,0,0,0,0,0,0,0,0,0,0,0,0,0,0,0,0,0,0||UPDATE|1600|0]
22:03:19 - Got message [28|1100|0||REQUEST_SUZUKI_TOKEN|1200|48]
22:03:19 - Got message [28|1100|5||NEW_NODE|1200|48]
22:03:19 - Sending message [48|1200|5||WELCOME|1100|28]
22:03:19 - Got message [28|1100|4|_-|0,0,0,0,0,0,0,0,0,0,0,0,0,0,0,0,0,0,0,0,0,0,0,0,0,0,0,0,1,0,0,0,0,0,0,0,0,0,0,0,0,0,0,0,0,0,0,0,0,0,0,0,0,0,0,0,0,0,0,0,0,0,0,0||UPDATE|1200|48]
22:03:19 - Sending message [28|1100|6|1200-|1,0,0,0,0,0,0,0,0,0,0,0,0,0,0,0,0,0,0,0,0,0,0,0,1,0,0,0,1,0,0,0,0,0,0,0,0,0,0,0,0,0,0,0,0,0,0,0,0,0,0,0,0,0,0,0,0,0,0,0,0,0,0,0||UPDATE|1600|0]
22:03:20 - Got message [4|1300|0||REQUEST_SUZUKI_TOKEN|1200|48]
22:03:20 - Got message [4|1300|4||NEW_NODE|1200|48]
22:03:20 - Sending message [4|1300|7||NEW_NODE|1600|0]
22:03:20 - Got message [4|1300|6|1400,1100-|1,0,0,0,1,0,0,0,0,0,0,0,0,0,0,0,0,0,0,0,0,0,0,0,1,0,0,0,1,0,0,0,0,0,0,0,0,0,0,0,0,0,0,0,0,0,0,0,0,0,0,0,0,0,0,0,0,0,0,0,0,0,0,0||UPDATE|1200|48]
22:03:21 - Sending message [4|1300|8|1400,1100,1200-|1,0,0,0,1,0,0,0,0,0,0,0,0,0,0,0,0,0,0,0,0,0,0,0,1,0,0,0,1,0,0,0,0,0,0,0,0,0,0,0,0,0,0,0,0,0,0,0,0,0,0,0,0,0,0,0,0,0,0,0,0,0,0,0||UPDATE|1600|0]
22:03:22 - Pausing for 5000 ms
22:03:22 - Got message [0|1600|12||REQUEST_SUZUKI_TOKEN|1200|48]
22:03:22 - Got message [28|1100|7||REQUEST_SUZUKI_TOKEN|1200|48]
22:03:22 - Got message [28|1100|12|2:5|PUT|1200|48]
22:03:22 - Sending message [48|1200|9|2:5|PUT|1600|0]
22:03:26 - Got message [0|1600|19||REQUEST_SUZUKI_TOKEN|1200|48]
22:03:27 - Sending message [48|1200|13||REQUEST_SUZUKI_TOKEN|1100|28]
22:03:27 - Sending message [48|1200|12||REQUEST_SUZUKI_TOKEN|1400|24]
22:03:27 - Sending message [48|1200|10||REQUEST_SUZUKI_TOKEN|1600|0]
22:03:27 - Sending message [48|1200|11||REQUEST_SUZUKI_TOKEN|1300|4]
22:03:27 - Got message [0|1600|21||SEND_SUZUKI_TOKEN|1200|48]
22:03:27 - Please wait...
22:03:27 - Pausing for 5000 ms
22:03:27 - Sending message [48|1200|14|2|ASK_GET|1600|0]
22:03:27 - Got message [4|1300|8|2:5|TELL_GET|1200|48]
22:03:27 - TELL GET INFO: 2:5
22:03:32 - Stopping...
