16:53:51 - Starting servent [4|localhost|1300]
16:53:51 - Pausing for 50000 ms
16:53:51 - First node in Chord system.
16:53:52 - Got message [24|1400|0||REQUEST_SUZUKI_TOKEN|1300|4]
16:53:54 - Sending message [4|1300|0||SEND_SUZUKI_TOKEN|1400|24]
16:53:54 - Got message [24|1400|1||NEW_NODE|1300|4]
16:53:56 - Sending message [4|1300|1||WELCOME|1400|24]
16:53:57 - Got message [24|1400|2|_-|0,0,0,0,0,0,0,0,0,0,0,0,0,0,0,0,0,0,0,0,0,0,0,0,1,0,0,0,0,0,0,0,0,0,0,0,0,0,0,0,0,0,0,0,0,0,0,0,0,0,0,0,0,0,0,0,0,0,0,0,0,0,0,0||UPDATE|1300|4]
16:53:57 - Got message [0|1600|0||REQUEST_SUZUKI_TOKEN|1300|4]
16:53:57 - Sending message [24|1400|2|1300-|0,0,0,0,0,0,0,0,0,0,0,0,0,0,0,0,0,0,0,0,0,0,0,0,1,0,0,0,0,0,0,0,0,0,0,0,0,0,0,0,0,0,0,0,0,0,0,0,0,0,0,0,0,0,0,0,0,0,0,0,0,0,0,0||UPDATE|1400|24]
16:54:01 - Got message [0|1600|4||NEW_NODE|1300|4]
16:54:02 - Sending message [4|1300|3||WELCOME|1600|0]
16:54:03 - Got message [0|1600|3|_-|1,0,0,0,0,0,0,0,0,0,0,0,0,0,0,0,0,0,0,0,0,0,0,0,0,0,0,0,0,0,0,0,0,0,0,0,0,0,0,0,0,0,0,0,0,0,0,0,0,0,0,0,0,0,0,0,0,0,0,0,0,0,0,0||UPDATE|1300|4]
16:54:04 - Got message [48|1200|0||REQUEST_SUZUKI_TOKEN|1300|4]
16:54:04 - Sending message [0|1600|4|1300-|1,0,0,0,0,0,0,0,0,0,0,0,0,0,0,0,0,0,0,0,0,0,0,0,1,0,0,0,0,0,0,0,0,0,0,0,0,0,0,0,0,0,0,0,0,0,0,0,0,0,0,0,0,0,0,0,0,0,0,0,0,0,0,0||UPDATE|1400|24]
16:54:07 - Got message [48|1200|3||NEW_NODE|1300|4]
16:54:08 - Sending message [48|1200|5||NEW_NODE|1400|24]
16:54:12 - Got message [28|1100|0||REQUEST_SUZUKI_TOKEN|1300|4]
16:54:12 - Got message [48|1200|6|1600-|1,0,0,0,0,0,0,0,0,0,0,0,0,0,0,0,0,0,0,0,0,0,0,0,1,0,0,0,0,0,0,0,0,0,0,0,0,0,0,0,0,0,0,0,0,0,0,0,1,0,0,0,0,0,0,0,0,0,0,0,0,0,0,0||UPDATE|1300|4]
16:54:13 - Sending message [48|1200|6|1600,1300-|1,0,0,0,0,0,0,0,0,0,0,0,0,0,0,0,0,0,0,0,0,0,0,0,1,0,0,0,1,0,0,0,0,0,0,0,0,0,0,0,0,0,0,0,0,0,0,0,1,0,0,0,0,0,0,0,0,0,0,0,0,0,0,0||UPDATE|1400|24]
16:54:21 - Got message [28|1100|7|1200,1600-|1,0,0,0,0,0,0,0,0,0,0,0,0,0,0,0,0,0,0,0,0,0,0,0,1,0,0,0,1,0,0,0,0,0,0,0,0,0,0,0,0,0,0,0,0,0,0,0,1,0,0,0,0,0,0,0,0,0,0,0,0,0,0,0||UPDATE|1300|4]
16:54:22 - Sending message [28|1100|7|1200,1600,1300-|1,0,0,0,0,0,0,0,0,0,0,0,0,0,0,0,0,0,0,0,0,0,0,0,1,0,0,0,1,0,0,0,0,0,0,0,0,0,0,0,0,0,0,0,0,0,0,0,1,0,0,0,0,0,0,0,0,0,0,0,0,0,0,0||UPDATE|1400|24]
16:54:41 - Pausing for 10000 ms
16:54:44 - Got message [0|1600|9|2:5|PUT|1300|4]
16:54:48 - Got message [48|1200|11|2|ASK_GET|1300|4]
16:54:49 - Sending message [4|1300|8|2:5|TELL_GET|1200|48]
16:54:51 - Stopping...
